5128896310
996145206
1610108216
928822572
5759115485
5737048146
5737048146
5881752519
6871954487
1927016820
7026345258
5612630874
5520304521
7026345258
7026345258
6157855898
6774854792
6350456147
1288826172
1288826172
6344986936
1288826172
5925710442
7033419459
1288826172
1288826172
1288826172
5695610162
6101549365
7026345258
7026345258
7026345258
1696050799
1617090799
996598226
5583536225
5695610162
6015895856
5925710442
5925710442
5184917840
996145206
5261258850
6950503209
7047494348
819549231
5313726283
5923107031
5933658531
1108312903
6535318517
5786122486
5449097801
5881752519
5284283705
5612630874
621884043
2066270229
954153145
954153145
6215785286
6215785286
6215785286
6215785286
6215785286
1598517754
5378638350
1169960086
6290177809
6290177809
996145206
5344466096
852913219
852913219
852913219
6350464187
6454416822
6350464187
1600003664
1600003664
1600003664
5154794330
2017203988
5907286776
5907286776
5907286776
5907286776
5907286776
5907286776
5907286776
5907286776
5907286776
5907286776
5907286776
5907286776
1828058003
5976341839
5976341839
5976341839
2044112029
6768843227
6768843227
6785141667
6785141667
5641494646
5153910995
5153910995
5153910995
5153910995
5153910995
5209706954
6526464287
6249192828
5209706954
6031549188
6570701743
5655208797
5949086082
5284283705
5036181766
6363570216
6363570216
2044112029
2044112029
6250057768
1822588198
6575501211
1828058003
6768843227
6768843227
1519505227
1432052651
1432052651
6986375502
6300683632
6300683632
5184004625
5623455090
6139051990
909944443
2004854340
6533834658
6533834658
6872150471
6872150471
6871954487
